0.3701	0.6426	0.2568	0.4941	0.1952	0.1989	0.9771	0.9658	
0.3571	10.0007	0.2453	4.2173	0.1895	1.3153	0.9796	0.0414	
0.2883	0.6187	0.2071	0.5255	0.1887	0.1882	0.9872	0.9572	
0.3087	0.5152	0.2106	0.3841	0.1751	0.1957	0.9862	0.9371	
0.2762	0.5941	0.2070	0.4422	0.1918	0.3635	0.9890	0.9379	
0.3575	3.5488	0.2563	1.4555	0.1817	0.6942	0.9816	0.0298	
0.2920	4.9937	0.2105	2.2252	0.1668	0.8241	0.9871	-0.1535	
0.2271	1.0622	0.1595	0.8445	0.1345	0.9416	0.9925	0.8152	
0.3133	0.3792	0.2319	0.2503	0.2009	0.2041	0.9845	0.9909	
0.2703	0.6932	0.2013	0.5374	0.1903	0.3760	0.9896	0.9859	

0.5000	0.4100	0.7100	4.1000	29.7000	4.6600	-8.4947	
0.1600	0.1500	0.8400	0.8000	12.9000	0.3400	0.3363	
0.1300	0.1200	0.8700	0.6000	10.7000	0.3600	0.1260	
0.2900	0.2600	0.9900	2.1000	26.3000	4.3500	4.2482	
0.2900	0.2500	0.9900	2.0000	25.3000	4.0800	3.3351	
0.1100	0.1000	0.8700	0.3000	8.9000	0.3600	1.0170	
0.2200	0.1900	0.9400	1.4000	18.2000	2.6800	1.9994	
