0.1917	1.1918	0.1341	0.9914	0.1330	0.4394	0.9947	0.8510	
0.3136	0.5009	0.2304	0.3817	0.1898	0.5344	0.9855	0.9621	
0.2544	1.5503	0.1766	0.7530	0.1526	0.4990	0.9901	0.9963	
0.1731	0.6885	0.1170	0.5282	0.1218	0.4008	0.9955	0.9448	
0.2566	1.9603	0.1822	1.3400	0.1602	1.7041	0.9897	0.7238	
0.3360	10.3665	0.2428	3.8968	0.1868	1.1939	0.9838	0.7759	
0.2717	4.0192	0.1966	2.0178	0.1620	0.7841	0.9891	-0.3791	
0.3868	0.2193	0.2778	0.1944	0.1970	0.2071	0.9782	0.9973	
0.3272	0.4661	0.2286	0.3642	0.1882	0.1395	0.9834	0.9769	
0.3284	0.5728	0.2307	0.4282	0.2042	0.1578	0.9823	0.9737	

0.9796	1.0000	0.2258	0.9787	1.0000	6.6200	7.5286	
0.0612	0.0811	0.4194	0.0851	0.0816	0.2000	1.8803	
0.0612	0.0811	0.5484	0.0851	0.0993	0.6000	0.2563	
0.0000	0.0000	0.4839	0.0000	0.0000	0.3200	0.1249	
0.4286	0.4865	0.9677	0.4255	0.7057	3.3700	2.2936	
0.4898	0.6757	0.9355	0.5106	0.9468	2.9800	-1.6744	
0.0816	0.1081	0.6129	0.0851	0.1418	1.6000	1.0782	
