0.2345	 0.4959	 0.1787	 0.3395	 15.7024	 20.4226	 0.9924	 0.9532	
0.2281	 0.5819	 0.1617	 0.4564	 14.0337	 37.5674	 0.9927	 0.9384	
0.2310	 0.7431	 0.1733	 0.5715	 15.2294	 24.1954	 0.9927	 0.8244	
0.2268	 0.5827	 0.1736	 0.4088	 15.4666	 24.1840	 0.9929	 0.8986	
0.2351	 0.8746	 0.1750	 0.6271	 14.2797	 35.0441	 0.9916	 0.9408	
0.1943	 0.7655	 0.1477	 0.6158	 13.3569	 24.5013	 0.9947	 0.9361	
0.2217	 0.6529	 0.1673	 0.5573	 13.0259	 90.9986	 0.9926	 0.9806	
0.2371	 0.4791	 0.1776	 0.3601	 14.8289	 29.5059	 0.9921	 0.9504	
0.2280	 0.4765	 0.1693	 0.3698	 14.9630	 20.3003	 0.9924	 0.9718	
0.2243	 0.4364	 0.1723	 0.2964	 14.7489	 50.1587	 0.9926	 0.9944	

0.2261	 0.1696	 14.5635	 0.9927	
0.6089	 0.4603	 35.6878	 0.9388	
