0.2343	 0.5470	 0.1776	 0.3347	 15.6026	 14.3245	 0.9916	 0.9814	
0.2290	 0.4895	 0.1683	 0.4069	 14.8772	 29.3015	 0.9921	 0.9813	
0.2427	 0.3170	 0.1845	 0.2638	 15.4655	 53.2558	 0.9912	 0.9915	
0.2171	 0.7758	 0.1620	 0.6381	 15.0537	 22.3374	 0.9932	 0.9260	
0.2058	 0.6774	 0.1518	 0.5844	 13.5092	 34.2705	 0.9943	 0.9541	
0.2419	 0.8365	 0.1821	 0.5391	 14.6690	 31.6109	 0.9917	 0.9291	
0.2207	 0.6399	 0.1673	 0.5456	 15.1642	 26.9265	 0.9933	 0.9879	
0.2108	 0.5185	 0.1588	 0.3948	 13.4259	 29.9294	 0.9936	 0.9726	
0.2334	 0.5253	 0.1738	 0.3853	 15.0408	 25.7543	 0.9924	 0.9359	
0.2116	 0.8304	 0.1629	 0.7139	 13.3197	 68.1294	 0.9938	 0.9516	

0.2247	 0.1689	 14.6128	 0.9927	
0.6157	 0.4807	 33.5840	 0.9611	