Fold #1:
4.5400	5.1294	
0.3500	0.4140	
1.3800	2.4842	
3.4400	3.1184	
3.4700	3.4800	
0.5900	0.4988	
2.9800	2.7837	

Fold #2:
0.3400	0.5174	
2.7300	3.3048	
0.4900	0.5977	
0.4900	0.3346	
0.3600	0.6586	
2.5800	1.8793	
4.5500	3.3700	

Fold #3:
3.0300	4.3912	
3.7500	4.1753	
0.6000	0.3933	
4.6800	3.3405	
3.3300	3.5640	
3.3700	3.1035	
1.1500	1.7921	
2.7900	2.6934	

Fold #4:
1.0900	1.6315	
4.3300	3.3319	
0.6500	0.5594	
0.4500	0.5836	
0.3500	0.3643	
0.8700	1.0152	
2.6800	2.4922	
2.3500	3.5095	

Fold #5:
4.6600	2.6614	
6.6200	6.0827	
3.4100	3.6972	
0.3600	0.5361	
0.3200	0.5759	
0.9400	0.7257	
2.6900	1.7698	

Fold #6:
3.6900	2.7297	
5.3300	6.2463	
0.3300	0.3817	
3.5200	3.4435	
4.3500	2.9891	
4.0800	3.7295	
0.7600	0.4788	
1.6000	0.6706	

Fold #7:
7.0500	6.4724	
2.0600	2.6134	
0.4600	0.4997	
0.3100	0.7109	
0.3200	0.9864	
2.5200	3.5298	
3.6500	3.8015	
0.3500	1.4088	

Fold #8:
0.9200	1.1467	
0.4500	0.6941	
0.3300	0.3624	
0.5700	0.7723	
4.1600	3.5058	
0.9400	0.7790	
2.0200	1.0202	

Fold #9:
6.3200	6.5986	
0.4800	0.4352	
3.2500	2.9250	
4.1900	3.5719	
0.5200	0.5812	
1.2300	2.1950	
2.2100	2.5058	

Fold #10:
3.3700	3.3541	
6.3300	5.3455	
0.8100	1.0545	
0.2000	0.6731	
0.5000	0.7765	
0.6900	0.6471	
0.5500	0.5876	

