Fold #1:
6.6200	6.1503	
0.3500	0.4118	
0.3300	0.3657	
0.5900	0.5050	
0.4600	0.4861	
2.2100	2.5548	
4.5500	3.2303	

Fold #2:
7.0500	6.4731	
3.2500	2.8604	
3.4700	3.7344	
3.4100	3.7368	
0.3600	0.6678	
0.5500	0.5732	
1.2300	2.1896	

Fold #3:
6.3200	6.6023	
0.2000	0.6892	
1.0900	1.5824	
3.4400	3.0948	
0.3300	0.4037	
0.3100	0.4365	
0.6900	0.6529	

Fold #4:
4.5400	5.1121	
0.9200	1.1671	
0.5700	0.7489	
0.6500	0.5708	
4.6800	3.2739	
4.3500	3.2029	
3.3700	2.6948	
4.1600	3.3606	

Fold #5:
3.3700	3.2250	
4.3300	3.3256	
0.6000	0.3810	
0.3200	0.5468	
2.0200	1.1335	
2.6900	1.9166	
2.5800	1.7442	

Fold #6:
3.6900	2.6226	
4.6600	2.6238	
3.7500	3.6558	
0.4500	0.5491	
0.4900	0.3466	
0.3200	0.6187	
2.9800	2.5963	
0.9400	0.7497	

Fold #7:
0.4800	0.4898	
0.4500	0.7422	
3.0300	4.2159	
3.5200	4.2471	
4.0800	4.7709	
3.3300	3.9856	
3.6500	4.1651	
0.7600	0.4720	

Fold #8:
6.3300	5.3596	
0.8100	0.9924	
0.5000	0.6282	
0.5200	0.6116	
0.4900	0.6510	
1.6000	0.7841	
0.8700	1.0175	
1.1500	1.8116	

Fold #9:
0.3400	0.5104	
2.7300	3.1704	
4.1900	3.5727	
0.3600	0.5066	
0.3500	0.3634	
2.6800	2.4992	
2.3500	3.4784	

Fold #10:
5.3300	6.2346	
1.3800	2.5724	
2.0600	2.7564	
2.5200	3.5446	
0.9400	0.9040	
0.3500	1.3675	
2.7900	2.6643	
