Fold #1:
3.6900	3.6131	
4.6600	4.4945	
3.3700	3.4150	
6.3200	6.4718	
5.3300	5.6122	
6.3300	5.9093	
7.0500	6.6954	
6.6200	6.4781	
0.9200	0.9987	
0.8100	0.8874	
0.2000	0.3584	
0.3400	0.4330	
0.4800	0.4523	
0.4500	0.5124	
1.0900	1.2415	
2.0600	2.2056	
3.2500	3.1421	
2.7300	2.8059	
4.3300	3.8870	
3.0300	3.5491	
3.7500	3.6965	
4.1900	3.9419	
3.4100	3.4722	
0.3300	0.3537	
0.3300	0.3537	
0.6000	0.4371	
0.5000	0.7032	
0.5700	0.7032	
0.4600	0.4742	
0.6500	0.5678	
0.5200	0.5678	
0.3600	0.4758	
0.4900	0.6040	
0.4500	0.5495	
0.3500	0.3543	
0.4900	0.3543	
0.3100	0.3391	
0.3200	0.4534	
4.6800	4.5485	
3.5200	3.7132	
4.3500	3.7319	
4.0800	4.2613	
3.3300	3.3963	
2.5200	2.9369	
3.3700	3.3298	
4.1600	3.8916	
3.6500	3.7408	
0.3600	0.5170	
0.3200	0.4418	
0.7600	0.5440	
0.9400	0.8434	
0.6900	0.6706	
0.5500	0.5678	
0.9400	0.7791	
0.3500	0.8680	
1.6000	1.0077	
0.8700	0.9433	
1.1500	1.3905	
2.0200	1.6766	
1.2300	1.6546	
2.6900	2.4110	
2.6800	2.6657	
2.7900	2.7443	
2.2100	2.4455	
2.5800	2.2257	
2.3500	2.7552	
4.5500	4.1635	

Fold #2:
3.6900	3.6142	
4.6600	4.4958	
3.3700	3.3546	
4.5400	4.7693	
6.3200	6.4641	
5.3300	5.6280	
6.3300	5.7302	
7.0500	6.7208	
6.6200	6.4847	
0.9200	1.0022	
0.8100	0.8825	
0.3500	0.4228	
0.2000	0.3274	
0.4800	0.4988	
0.4500	0.5100	
1.0900	1.2086	
1.3800	1.5316	
2.0600	2.1452	
3.2500	3.1367	
3.4400	3.4117	
3.4700	3.5631	
4.3300	3.8402	
3.0300	3.5613	
3.7500	3.7059	
4.1900	3.9325	
3.4100	3.4774	
0.3300	0.3530	
0.3300	0.3530	
0.6000	0.4428	
0.5000	0.7134	
0.5900	0.5304	
0.5700	0.7134	
0.4600	0.5026	
0.6500	0.5797	
0.5200	0.5797	
0.3600	0.4556	
0.4500	0.5493	
0.3500	0.3346	
0.3100	0.2936	
0.3200	0.4640	
4.6800	4.5424	
3.5200	3.6262	
4.3500	3.7733	
4.0800	4.1332	
3.3300	3.3966	
2.5200	3.0277	
3.3700	3.3105	
4.1600	3.8637	
3.6500	3.7611	
2.9800	2.9615	
0.3200	0.5287	
0.7600	0.5781	
0.9400	0.8629	
0.6900	0.6768	
0.5500	0.5797	
0.9400	0.7920	
0.3500	0.8664	
1.6000	0.9952	
0.8700	0.9440	
1.1500	1.3879	
2.0200	1.6662	
1.2300	1.6920	
2.6900	2.4045	
2.6800	2.6366	
2.7900	2.7469	
2.2100	2.2032	
2.3500	2.3982	

Fold #3:
3.6900	3.6067	
4.6600	4.4883	
3.3700	3.3505	
4.5400	4.7589	
6.3200	6.4639	
5.3300	5.6340	
6.3300	5.7276	
7.0500	6.7213	
6.6200	6.4723	
0.9200	0.9948	
0.8100	0.8806	
0.3500	0.3811	
0.2000	0.3322	
0.3400	0.4237	
0.4800	0.4377	
0.4500	0.5350	
1.0900	1.1765	
1.3800	1.5888	
2.0600	2.1597	
3.2500	3.1827	
2.7300	2.8705	
3.4400	3.2498	
3.4700	3.5408	
4.3300	4.2326	
4.1900	4.0659	
3.4100	3.4578	
0.3300	0.3534	
0.3300	0.3534	
0.5000	0.6860	
0.5900	0.4880	
0.5700	0.6860	
0.4600	0.4594	
0.6500	0.5598	
0.5200	0.5598	
0.3600	0.4484	
0.4900	0.6016	
0.4500	0.5497	
0.3500	0.3515	
0.4900	0.3515	
0.3100	0.3323	
0.3200	0.4522	
3.5200	3.8145	
4.3500	3.7298	
4.0800	4.2094	
2.5200	2.9345	
4.1600	3.8400	
3.6500	3.8076	
2.9800	2.9535	
0.3600	0.5207	
0.3200	0.4410	
0.7600	0.5467	
0.9400	0.8472	
0.6900	0.6545	
0.5500	0.5598	
0.9400	0.7618	
0.3500	0.8413	
1.6000	1.0277	
0.8700	1.1137	
2.0200	1.7960	
1.2300	1.6718	
2.6900	2.4000	
2.6800	2.5933	
2.2100	2.3326	
2.5800	2.1685	
2.3500	2.8378	
4.5500	4.1095	

Fold #3:
3.6900	3.6067	
4.6600	4.4883	
3.3700	3.3505	
4.5400	4.7589	
6.3200	6.4639	
5.3300	5.6340	
6.3300	5.7276	
7.0500	6.7213	
6.6200	6.4723	
0.9200	0.9948	
0.8100	0.8806	
0.3500	0.3811	
0.2000	0.3322	
0.3400	0.4237	
0.4800	0.4377	
0.4500	0.5350	
1.0900	1.1765	
1.3800	1.5888	
2.0600	2.1597	
3.2500	3.1827	
2.7300	2.8705	
3.4400	3.2498	
3.4700	3.5408	
4.3300	4.2326	
4.1900	4.0659	
3.4100	3.4578	
0.3300	0.3534	
0.3300	0.3534	
0.5000	0.6860	
0.5900	0.4880	
0.5700	0.6860	
0.4600	0.4594	
0.6500	0.5598	
0.5200	0.5598	
0.3600	0.4484	
0.4900	0.6016	
0.4500	0.5497	
0.3500	0.3515	
0.4900	0.3515	
0.3100	0.3323	
0.3200	0.4522	
3.5200	3.8145	
4.3500	3.7298	
4.0800	4.2094	
2.5200	2.9345	
4.1600	3.8400	
3.6500	3.8076	
2.9800	2.9535	
0.3600	0.5207	
0.3200	0.4410	
0.7600	0.5467	
0.9400	0.8472	
0.6900	0.6545	
0.5500	0.5598	
0.9400	0.7618	
0.3500	0.8413	
1.6000	1.0277	
0.8700	1.1137	
2.0200	1.7960	
1.2300	1.6718	
2.6900	2.4000	
2.6800	2.5933	
2.2100	2.3326	
2.5800	2.1685	
2.3500	2.8378	
4.5500	4.1095	

Fold #5:
3.6900	3.5963	
3.3700	3.3336	
4.5400	4.7555	
6.3200	6.4612	
5.3300	5.6213	
6.3300	5.7663	
7.0500	6.5830	
0.9200	0.9872	
0.8100	0.8833	
0.3500	0.3682	
0.2000	0.3358	
0.3400	0.4196	
0.4800	0.4678	
0.4500	0.5179	
1.0900	1.1649	
1.3800	1.5790	
2.0600	2.1586	
3.2500	3.1702	
2.7300	2.8530	
3.4400	3.2853	
3.4700	3.5576	
4.3300	3.8855	
3.0300	3.5056	
3.7500	3.7194	
4.1900	3.9678	
0.3300	0.3640	
0.3300	0.3640	
0.6000	0.4729	
0.5000	0.6992	
0.5900	0.5205	
0.5700	0.6992	
0.4600	0.4823	
0.6500	0.5579	
0.5200	0.5579	
0.4900	0.6053	
0.4500	0.5568	
0.3500	0.3810	
0.4900	0.3810	
0.3100	0.3386	
0.3200	0.4390	
4.6800	4.5332	
3.5200	3.7221	
4.3500	3.7264	
4.0800	4.2495	
3.3300	3.4095	
2.5200	2.9286	
3.3700	3.3124	
4.1600	3.9017	
3.6500	3.7447	
2.9800	2.9533	
0.3600	0.5758	
0.7600	0.5891	
0.9400	0.8097	
0.6900	0.6869	
0.5500	0.5579	
0.3500	0.8247	
1.6000	0.9865	
0.8700	0.9529	
1.1500	1.3721	
2.0200	1.7324	
1.2300	1.5095	
2.6800	2.4929	
2.7900	2.7459	
2.2100	2.3793	
2.5800	2.1721	
2.3500	2.8006	
4.5500	4.1470	

Fold #6:
4.6600	4.4841	
3.3700	3.3758	
4.5400	4.7454	
6.3200	6.5424	
6.3300	5.8215	
7.0500	6.8505	
6.6200	6.4356	
0.9200	0.9948	
0.8100	0.8750	
0.3500	0.3737	
0.2000	0.3379	
0.3400	0.4129	
0.4800	0.4622	
0.4500	0.5641	
1.0900	1.1832	
1.3800	1.5789	
2.0600	2.1450	
3.2500	3.1971	
2.7300	2.8302	
3.4400	3.3526	
3.4700	3.5393	
4.3300	3.9016	
3.0300	3.5160	
3.7500	3.6961	
4.1900	3.9377	
3.4100	3.4761	
0.3300	0.3817	
0.6000	0.4919	
0.5000	0.5894	
0.5900	0.5425	
0.5700	0.5894	
0.4600	0.5105	
0.6500	0.5893	
0.5200	0.5893	
0.3600	0.4919	
0.4900	0.5796	
0.4500	0.5229	
0.3500	0.3046	
0.4900	0.3046	
0.3100	0.3396	
0.3200	0.4695	
4.6800	4.5283	
3.3300	3.3170	
2.5200	2.7376	
3.3700	3.3013	
4.1600	3.9525	
3.6500	3.7212	
2.9800	2.9518	
0.3600	0.4720	
0.3200	0.4078	
0.9400	0.8046	
0.6900	0.6752	
0.5500	0.5893	
0.9400	0.6975	
0.3500	0.6587	
0.8700	0.7461	
1.1500	1.3533	
2.0200	1.7160	
1.2300	1.6691	
2.6900	2.4111	
2.6800	2.6201	
2.7900	2.7407	
2.2100	2.3695	
2.5800	2.1741	
2.3500	2.8099	
4.5500	4.1689	

Fold #7:
3.6900	3.6181	
4.6600	4.4997	
3.3700	3.3572	
4.5400	4.8002	
6.3200	6.3627	
5.3300	5.5380	
6.3300	5.7229	
6.6200	6.3182	
0.9200	0.9979	
0.8100	0.8958	
0.3500	0.3710	
0.2000	0.3623	
0.3400	0.4272	
0.4800	0.4600	
0.4500	0.4999	
1.0900	1.1930	
1.3800	1.6026	
3.2500	3.2165	
2.7300	2.8604	
3.4400	3.2726	
3.4700	3.5631	
4.3300	3.9183	
3.0300	3.5299	
3.7500	3.6931	
4.1900	3.9353	
3.4100	3.5035	
0.3300	0.3427	
0.3300	0.3427	
0.6000	0.5073	
0.5000	0.7664	
0.5900	0.4742	
0.5700	0.7664	
0.6500	0.5523	
0.5200	0.5523	
0.3600	0.4651	
0.4900	0.5297	
0.4500	0.5087	
0.3500	0.4410	
0.4900	0.4410	
4.6800	4.5545	
3.5200	3.7372	
4.3500	3.8909	
4.0800	4.1999	
3.3300	3.5509	
3.3700	3.5088	
4.1600	3.9654	
2.9800	2.9663	
0.3600	0.5528	
0.3200	0.4512	
0.7600	0.4641	
0.9400	0.8978	
0.6900	0.8386	
0.5500	0.5523	
0.9400	0.9292	
1.6000	1.2418	
0.8700	0.9401	
1.1500	1.3560	
2.0200	1.6963	
1.2300	1.6873	
2.6900	2.4118	
2.6800	2.6140	
2.7900	2.7427	
2.2100	2.3352	
2.5800	2.2075	
2.3500	2.8891	
4.5500	4.0692	

Fold #8:
3.6900	3.6114	
4.6600	4.4930	
3.3700	3.3528	
4.5400	4.7689	
6.3200	6.4631	
5.3300	5.6296	
6.3300	5.7295	
7.0500	6.7199	
6.6200	6.4829	
0.8100	0.9582	
0.3500	0.3713	
0.2000	0.3402	
0.3400	0.4121	
0.4800	0.4861	
1.0900	1.1724	
1.3800	1.5996	
2.0600	2.1684	
3.2500	3.1561	
2.7300	2.8776	
3.4400	3.2823	
3.4700	3.5627	
4.3300	3.8266	
3.0300	3.5418	
3.7500	3.7167	
4.1900	3.9306	
3.4100	3.4956	
0.3300	0.3624	
0.6000	0.4557	
0.5000	0.7723	
0.5900	0.5618	
0.4600	0.5244	
0.6500	0.5674	
0.5200	0.5674	
0.3600	0.4699	
0.4900	0.5803	
0.4500	0.5308	
0.3500	0.3611	
0.4900	0.3611	
0.3100	0.3435	
0.3200	0.4508	
4.6800	4.5523	
3.5200	3.7154	
4.3500	3.7416	
4.0800	4.2508	
3.3300	3.4356	
2.5200	2.9328	
3.3700	3.2164	
3.6500	3.5864	
2.9800	2.9616	
0.3600	0.5132	
0.3200	0.4430	
0.7600	0.5229	
0.6900	0.6347	
0.5500	0.5674	
0.9400	0.7577	
0.3500	0.8498	
1.6000	1.0439	
0.8700	1.0531	
1.1500	1.1765	
1.2300	1.4680	
2.6900	2.4468	
2.6800	2.6484	
2.7900	2.7311	
2.2100	2.3520	
2.5800	2.1593	
2.3500	2.8506	
4.5500	4.1203	

Fold #9:
3.6900	3.6096	
4.6600	4.4913	
3.3700	3.3364	
4.5400	4.7679	
5.3300	5.6433	
6.3300	5.8069	
7.0500	6.7766	
6.6200	6.4822	
0.9200	0.9991	
0.8100	0.8799	
0.3500	0.3773	
0.2000	0.3393	
0.3400	0.4053	
0.4500	0.5020	
1.0900	1.3122	
1.3800	1.5818	
2.0600	2.1118	
2.7300	2.8415	
3.4400	3.2693	
3.4700	3.5754	
4.3300	3.8816	
3.0300	3.5322	
3.7500	3.5215	
3.4100	3.4125	
0.3300	0.3585	
0.3300	0.3585	
0.6000	0.4459	
0.5000	0.7263	
0.5900	0.5277	
0.5700	0.7263	
0.4600	0.4939	
0.6500	0.5812	
0.3600	0.4765	
0.4900	0.6072	
0.4500	0.5455	
0.3500	0.3567	
0.4900	0.3567	
0.3100	0.3367	
0.3200	0.4505	
4.6800	4.5517	
3.5200	3.7159	
4.3500	3.7281	
4.0800	4.2596	
3.3300	3.4080	
2.5200	2.9504	
3.3700	3.3169	
4.1600	3.8901	
3.6500	3.7585	
2.9800	2.9655	
0.3600	0.5159	
0.3200	0.4402	
0.7600	0.5439	
0.9400	0.8404	
0.6900	0.6669	
0.5500	0.5812	
0.9400	0.7852	
0.3500	0.8604	
1.6000	1.0123	
0.8700	0.9410	
1.1500	1.3241	
2.0200	1.9067	
2.6900	2.5841	
2.6800	2.6402	
2.7900	2.7776	
2.5800	2.2837	
2.3500	2.8269	
4.5500	4.0996	

Fold #10:
3.6900	3.6112	
4.6600	4.4928	
4.5400	4.4689	
6.3200	6.2072	
5.3300	5.5141	
7.0500	6.7191	
6.6200	6.5275	
0.9200	1.0590	
0.3500	0.4963	
0.3400	0.3902	
0.4800	0.4654	
0.4500	0.5440	
1.0900	1.1930	
1.3800	1.5816	
2.0600	2.1654	
3.2500	3.1725	
2.7300	2.8610	
3.4400	3.2837	
3.4700	3.5612	
4.3300	3.8961	
3.0300	3.5143	
3.7500	3.6942	
4.1900	3.9485	
3.4100	3.4780	
0.3300	0.3683	
0.3300	0.3683	
0.6000	0.4548	
0.5900	0.5621	
0.5700	0.7765	
0.4600	0.5099	
0.6500	0.5876	
0.5200	0.5876	
0.3600	0.4653	
0.4900	0.5983	
0.4500	0.5247	
0.3500	0.3572	
0.4900	0.3572	
0.3100	0.3724	
0.3200	0.4455	
4.6800	4.5447	
3.5200	3.7249	
4.3500	3.7363	
4.0800	4.2532	
3.3300	3.4050	
2.5200	2.9193	
3.3700	3.3229	
4.1600	3.9118	
3.6500	3.7330	
2.9800	2.9598	
0.3600	0.5146	
0.3200	0.4374	
0.7600	0.5401	
0.9400	0.8379	
0.9400	0.8022	
0.3500	0.8617	
1.6000	1.0593	
0.8700	0.9728	
1.1500	1.3629	
2.0200	1.7002	
1.2300	1.6738	
2.6900	2.4182	
2.6800	2.6160	
2.7900	2.7418	
2.2100	2.3683	
2.5800	2.1776	
2.3500	2.8048	
4.5500	4.1487	

